[logo large.jpg]
filters=bw=1;Holga=1,70.000000,30.000000,0.000000;
moddate=008dcc768cb9ce01
width=1273
height=1290
textactive=0
